21485	70	2942	1	   	               	1010
2821	59	3298	0	   	LOCAL          	1011
43386	59	3265	0	   	LOCAL          	1012
14231	70	2422	0	   	               	1020
18107	72	2037	0	   	               	1030
13218	47	3269	0	2	               	1031
56604	45	3234	0	4	               	1032
28008	72	3349	0	   	FONDO          	1040
4444	72	3385	0	   	               	1050
46551	72	3502	0	   	LOCAL          	1060
8704	71	3317	0	   	LOCAL          	1061
21004	69	3365	0	5	               	1062
45297	72	3633	1	C  	               	1070
51661	81	3144	0	   	               	1071
28444	70	4114	0	   	               	1080
54306	74	4331	0	   	LOCAL          	1090
2651	75	3063	0	2	               	1091
27262	66	3294	0	   	               	1100
1100	66	3190	0	   	               	1110
14879	66	3133	0	   	               	1120
7539	68	3256	0	1	               	1130
48510	65	3002	0	   	LOCAL          	1131
54546	65	2883	0	LO 	LOC            	1132
21837	67	3071	0	   	               	1133
52293	75	2984	0	   	LOCAL          	1134
54774	62	3680	0	LO 	LOC.           	1140
2047	62	3465	0	   	LOCAL          	1150
52417	62	3109	0	   	LOCAL 3        	1160
49400	62	2954	0	   	LOCAL 5        	1170
18637	62	2865	0	   	LOCAL 14       	1180
5126	64	2651	0	13	               	1190
26009	66	2685	0	   	LOCAL          	1192
54267	64	2802	0	   	LOCAL 1        	1200
54339	64	2953	0	   	LOCAL 12       	1210
49597	64	2955	0	   	LOCAL 8        	1220
49776	64	2964	0	LO 	L.33           	1230
54571	64	2964	6	I  	CPO.B          	1240
48546	64	3022	0	   	LOCAL 10       	1250
31191	64	3039	2	E  	               	1260
16647	64	3070	0	   	LOCAL          	1270
53788	64	3305	1	   	               	1280
24874	64	3407	0	   	LOCAL          	1290
47312	58	3795	0	LO 	LOC.           	1310
8527	58	3327	0	   	               	1320
35054	58	3256	0	   	LOCAL          	1330
54270	60	2848	0	LO 	L.1/2          	1340
42835	60	3141	0	   	LOCAL          	1350
12551	63	2645	0	2	               	1360
14562	63	2717	0	   	LOCAL          	1370
23531	63	2721	0	   	LOCAL          	1380
22555	63	2811	0	   	LOCAL 1        	1390
6130	63	3091	0	   	               	1400
18004	61	3201	0	   	LOCAL          	1410
15237	61	3077	0	   	LOCAL          	1420
51669	61	2972	0	   	OFICINA        	1430
54107	61	2785	0	LO 	L.15           	1440
53159	59	2842	1	   	OFICINA E      	1441
45098	59	3069	0	LO 	LOC.           	1442
15588	57	2732	2	B  	               	1450
39521	57	3157	0	   	LOCAL 1        	1460
54646	57	3157	0	2	P.B.           	1470
23736	55	2702	0	   	               	1480
25381	53	2856	0	   	FONDO          	1490
5145	53	3217	0	   	               	1500
2650	51	2999	0	   	LOCAL          	1510
44598	47	3047	0	   	               	1520
